6.12
5.64
5.16
4.68
4.2
3.72
3.24
3
2.76
2.52
2.28
2.16
2.04
1.92
1.8
1.68
1.56
1.44
1.28
1.2
1.08
0.96
0.84
0.72
0.6
0.48
0.36
0.24
0.12
0
-0.12
-0.24
-0.36
-0.48
-0.6
-0.72
-0.84
-0.96
-1.08
-1.2
-1.32
-1.44
-1.56
-1.72
-1.8
-1.92
-2.04
-2.16
-2.28
-2.4
-2.52
-2.64
-2.76
-2.92
-3
-3.13
-3.24
-3.36
-3.48
-3.6
-3.72
-3.84
-3.96
-4.08
-4.2
-4.38
-4.44
-4.56
-4.68
-4.8
-4.92
-5.04
-5.2
-5.28
-5.4
-5.52
-5.64
-5.76
-5.88
-7.8
-7.92
-7.92
-8.16
-8.28
-8.52
-8.76
-9
-9.36
-9.6
-10.32
-10.56
-10.8
-11.04
-11.28
-11.52
-11.64
-11.88
-12.12
-12.24
-12.48
-12.6
-12.72
-12.84
-13.2
-13.44
-13.68
-13.76
-14.04
-14.16
-14.28
-14.4
-14.52
