0 130
1 80
2 59
3 123
4 115
5 92
6 228
7 169
8 337
9 189
10 315
11 157
12 107
13 168
14 160
15 262
16 7
17 305
18 297
19 183
20 199
21 179
22 214
23 132
24 8
25 129
26 240
27 64
28 74
29 25
30 32
31 72
32 101
33 194
34 28
35 110
36 103
37 299
38 257
39 176
40 137
41 247
42 271
43 209
44 102
45 186
46 81
47 128
48 253
49 215
50 33
51 82
52 287
53 269
54 311
55 31
56 296
57 190
58 111
59 331
60 88
61 327
62 292
63 301
64 76
65 200
66 19
67 187
68 165
69 35
70 218
71 171
72 56
73 44
74 254
75 142
76 162
77 265
78 38
79 195
80 286
81 336
82 173
83 163
84 236
85 55
86 203
87 116
88 178
89 60
90 223
91 99
92 212
93 270
94 2
95 329
96 277
97 11
98 67
99 342
100 52
101 333
102 304
103 47
104 21
105 63
106 30
107 293
108 273
109 313
110 233
111 267
112 51
113 314
114 45
115 117
116 164
117 78
118 100
119 96
120 154
121 197
122 330
123 259
124 22
125 237
126 346
127 27
128 151
129 221
130 84
131 40
132 309
133 290
134 71
135 238
136 245
137 121
138 3
139 23
140 93
141 118
142 106
143 204
144 95
145 220
146 258
147 139
148 94
149 302
150 166
151 222
152 34
153 263
154 158
155 229
156 312
157 340
158 77
159 16
160 42
161 68
162 322
163 227
164 291
165 43
166 289
167 244
168 15
169 339
170 119
171 252
172 191
173 207
174 239
175 206
176 49
177 146
178 307
179 10
180 202
181 276
182 224
183 234
184 149
185 285
186 256
187 288
188 232
189 344
190 283
191 147
192 332
193 122
194 135
195 181
196 319
197 6
198 298
199 18
200 159
201 1
202 243
203 264
204 86
205 98
206 317
207 177
208 193
209 0
210 141
211 320
212 58
213 73
214 213
215 41
216 345
217 275
218 133
219 85
220 300
221 140
222 29
223 242
224 20
225 69
226 348
227 24
228 349
229 172
230 143
231 225
232 318
233 219
234 167
235 248
236 321
237 9
238 272
239 136
240 5
241 198
242 324
243 175
244 284
245 211
246 50
247 201
248 251
249 148
250 161
251 338
252 231
253 53
254 66
255 17
256 310
257 260
258 4
259 278
260 152
261 83
262 70
263 134
264 12
265 325
266 266
267 255
268 316
269 185
270 109
271 308
272 217
273 108
274 347
275 124
276 155
277 39
278 208
279 61
280 14
281 188
282 91
283 282
284 192
285 87
286 112
287 57
288 261
289 210
290 153
291 145
292 235
293 114
294 127
295 131
296 180
297 90
298 156
299 75
300 97
301 144
302 46
303 37
304 323
305 196
306 241
307 280
308 36
309 26
310 328
311 125
312 343
313 335
314 150
315 79
316 138
317 334
318 250
319 205
320 104
321 120
322 268
323 182
324 281
325 170
326 113
327 279
328 126
329 341
330 246
331 274
332 326
333 89
334 295
335 249
336 62
337 174
338 48
339 54
340 230
341 303
342 105
343 216
344 306
345 294
346 184
347 226
348 65
349 13
