1 338
2 6
3 66
4 81
5 169
6 299
7 97
8 344
9 235
10 250
11 143
12 149
13 206
14 33
15 138
16 65
17 204
18 25
19 141
20 160
21 142
22 336
23 345
24 236
25 133
26 104
27 83
28 269
29 215
30 312
31 2
32 146
33 199
34 188
35 173
36 7
37 47
38 4
39 158
40 156
41 271
42 122
43 207
44 340
45 125
46 88
47 239
48 208
49 319
50 314
51 157
52 263
53 307
54 1
55 220
56 182
57 342
58 302
59 12
60 177
61 60
62 87
63 29
64 137
65 139
66 159
67 264
68 210
69 57
70 91
71 214
72 41
73 172
74 163
75 175
76 205
77 63
78 44
79 89
80 167
81 20
82 140
83 42
84 53
85 5
86 74
87 150
88 281
89 332
90 48
91 329
92 126
93 99
94 16
95 348
96 270
97 105
98 171
99 310
100 213
101 190
102 232
103 211
104 73
105 185
106 284
107 113
108 96
109 153
110 285
111 327
112 49
113 198
114 219
115 176
116 15
117 61
118 94
119 326
120 123
121 203
122 317
123 28
124 346
125 343
126 243
127 229
128 212
129 54
130 295
131 35
132 72
133 109
134 276
135 11
136 8
137 244
138 56
139 121
140 86
141 252
142 282
143 311
144 181
145 69
146 128
147 76
148 154
149 75
150 200
151 233
152 298
153 77
154 350
155 46
156 26
157 230
158 216
159 174
160 67
161 131
162 251
163 301
164 30
165 59
166 183
167 331
168 209
169 180
170 304
171 10
172 17
173 225
174 293
175 309
176 278
177 52
178 294
179 303
180 259
181 31
182 201
183 39
184 22
185 254
186 62
187 296
188 120
189 85
190 323
191 288
192 260
193 318
194 349
195 3
196 127
197 316
198 321
199 324
200 168
201 110
202 306
203 147
204 55
205 222
206 274
207 162
208 283
209 328
210 161
211 114
212 148
213 195
214 191
215 79
216 155
217 253
218 111
219 102
220 118
221 92
222 18
223 245
224 277
225 178
226 280
227 107
228 335
229 116
230 272
231 152
232 58
233 70
234 218
235 184
236 262
237 36
238 268
239 221
240 24
241 246
242 21
243 247
244 179
245 100
246 339
247 238
248 224
249 13
250 287
251 80
252 286
253 166
254 68
255 347
256 78
257 290
258 151
259 32
260 129
261 248
262 71
263 84
264 144
265 333
266 315
267 93
268 51
269 64
270 249
271 108
272 320
273 308
274 14
275 337
276 145
277 196
278 217
279 45
280 197
281 305
282 313
283 226
284 34
285 90
286 124
287 300
288 266
289 112
290 265
291 261
292 50
293 291
294 273
295 186
296 231
297 103
298 292
299 228
300 23
301 341
302 257
303 242
304 255
305 134
306 223
307 267
308 234
309 334
310 289
311 193
312 117
313 325
314 256
315 240
316 43
317 115
318 194
319 19
320 38
321 132
322 119
323 297
324 27
325 40
326 130
327 237
328 95
329 82
330 165
331 202
332 275
333 241
334 9
335 170
336 258
337 106
338 187
339 37
340 227
341 136
342 192
343 164
344 279
345 322
346 98
347 189
348 135
349 330
350 101
